0 953 46 1
1 948 50 2
2 945 51 4
3 942 53 5
4 941 52 7
5 939 51 10
6 939 50 11
7 936 50 14
8 934 49 17
9 934 46 20
10 933 45 22
11 932 43 25
12 932 41 27
13 931 39 30
14 930 35 35
15 930 34 36
16 930 32 38
17 930 30 40
18 930 29 41
19 929 29 42
20 929 28 43
21 929 28 43
22 929 26 45
23 929 24 47
24 929 24 47
25 929 22 49
26 929 20 51
27 929 20 51
28 929 20 51
29 929 20 51
30 929 20 51
31 929 19 52
32 929 17 54
33 929 15 56
34 929 14 57
35 929 12 59
36 929 12 59
37 929 11 60
38 929 11 60
39 929 11 60
40 929 10 61
41 929 9 62
42 929 7 64
43 929 7 64
44 929 7 64
45 929 7 64
46 929 7 64
47 929 6 65
48 929 6 65
49 929 6 65
50 929 6 65
51 929 6 65
52 929 5 66
53 929 5 66
54 929 5 66
55 929 5 66
56 929 5 66
57 929 5 66
58 929 5 66
59 929 4 67
60 929 4 67
61 929 4 67
62 929 3 68
63 929 2 69
64 929 2 69
65 929 2 69
66 929 2 69
67 929 2 69
68 929 2 69
69 929 2 69
70 929 1 70
71 929 1 70
72 929 1 70
73 929 1 70
74 929 1 70
75 929 1 70
76 929 1 70
77 929 1 70
78 929 1 70
79 929 1 70
80 929 1 70
81 929 1 70
82 929 1 70
83 929 1 70
84 929 1 70
85 929 1 70
86 929 1 70
87 929 1 70
88 929 1 70
89 929 1 70
90 929 0 71
91 929 0 71
92 929 0 71
93 929 0 71
94 929 0 71
95 929 0 71
96 929 0 71
97 929 0 71
98 929 0 71
99 929 0 71
